uid,out,single,double,triple,home_run
4,0.2094984442059168,0.13870099294665109,0.4452691197502779,0.19186477643048763,0.014666666666666668
11,0.22963322137644482,0.1288914921283814,0.4136936377799822,0.20263879157233447,0.025142857142857144
18,0.2373198178211277,0.1565422689567595,0.41746368703978637,0.16200755951565987,0.026666666666666672
19,0.1512433159842973,0.18823916413500794,0.3863619121313585,0.16998894108266963,0.10416666666666669
21,0.2317961308282445,0.19860963001759013,0.3568237472316163,0.11265145931809932,0.10011903260444964
24,0.23150229486034415,0.09993646301410913,0.41747547151131303,0.18803022272242947,0.06305554789180419
38,0.21331456898066084,0.07434117393256202,0.42223440263677087,0.24488763222778412,0.045222222222222226
45,0.1698463789075145,0.1885725073618766,0.3937388506968653,0.16375499210102457,0.08408727093271895
48,0.1892722577921938,0.09735179191511033,0.4846554274463537,0.21072052284634216,0.018000000000000002
51,0.17627904280405798,0.16973140015253463,0.5146875180912628,0.07533381563861435,0.06396822331353039
55,0.17530939291310144,0.12412300115858617,0.5544361581182439,0.11046478114340202,0.03566666666666667
56,0.1752418918035492,0.14792181418273007,0.5100289930727269,0.11589822827269974,0.05090907266829415
57,0.24086473098260144,0.09105544112152766,0.41628505600329535,0.2044058906674381,0.04738888122513752
68,0.21128694696661748,0.1224616048649197,0.5015367171283871,0.09871475065931537,0.0659999803807604
71,0.2846122164989848,0.16143115784564832,0.38569399779785263,0.13492929452418082,0.033333333333333326
75,0.19357260732965786,0.16835047671480943,0.4945763004736304,0.0916673554137862,0.05183326006811602
76,0.1980448278788547,0.09920759062886604,0.5035723002237427,0.11595310932027743,0.08322217194825902
77,0.241092487629252,0.12744834121572624,0.4608474980699296,0.09655613714877621,0.07405553593631593
82,0.20121141717744098,0.08223799932938741,0.4286473466146036,0.23990323687856796,0.048
83,0.23593085791336474,0.07761099327083576,0.4385125757594677,0.22055669183119433,0.027388881225137513
85,0.19392590293467182,0.15965999031485628,0.5041994400261862,0.08010360588713776,0.06211106083714791
90,0.19307525878878415,0.14819957877028767,0.48782760039345174,0.1160642363778944,0.054833325669581955
91,0.21218756485156356,0.0831744800170851,0.42013940751786577,0.22316521428015215,0.06133333333333334
93,0.2455420391920413,0.1576533800678706,0.39481554633283183,0.17865570107392298,0.023333333333333338
106,0.20239001573402843,0.10537427602880785,0.5092149944094139,0.1342112231754089,0.048809490652340935
109,0.13062689461497476,0.12158727093257804,0.5862972216532532,0.11926639057697176,0.04222222222222223
110,0.2061664110665648,0.130685132912195,0.459811529488868,0.16867025986570547,0.03466666666666666
118,0.1727407052046143,0.0793093710236961,0.5047717146515723,0.211844875786784,0.03133333333333333
123,0.28277886428514765,0.20143115784564836,0.3292919072321231,0.13816473730374756,0.04833333333333333
134,0.23590443557458696,0.08605543771528022,0.4237347695934477,0.21691647589154767,0.03738888122513752
137,0.21457930988665286,0.11077765856513089,0.5054718022462759,0.08167125995666409,0.08749996934527643
138,0.19019678111236074,0.08674859209700139,0.4191978503962389,0.2771901097277322,0.02666666666666667
149,0.14106074083551093,0.1435409905765756,0.5914890715431683,0.09257586371141183,0.03133333333333333
151,0.17894562275572906,0.14348534626720477,0.5090046954773717,0.11773100983011242,0.05083332566958196
154,0.22593348101619518,0.06864271205410567,0.42941985467513094,0.22694840436276412,0.04905554789180418
155,0.19646539830579574,0.18282647929348989,0.3154399524190038,0.2146369057459178,0.09063126423579279
156,0.23490710694888162,0.15432004673453723,0.3914821823453179,0.19595733063793003,0.023333333333333338
159,0.19639006938034032,0.125263192166507,0.5184175013903628,0.1032626010508469,0.05666663601194309
160,0.21483453494251462,0.1142710512607358,0.5027747592372698,0.10156414927788752,0.06655550528159236
164,0.19302610548665458,0.11222479821323861,0.444709669729711,0.21537275990372914,0.034666666666666665
177,0.2430420315282899,0.1559867134012039,0.39351922297715136,0.18411869876002152,0.023333333333333334
180,0.22190697308959842,0.10049204581847494,0.40395698479782216,0.18392178173563367,0.08972221455847085
188,0.17969570947072463,0.13888220974362214,0.5292549778304467,0.09005604211805858,0.06211106083714791
193,0.2547086899929232,0.16320893562342612,0.3753842521022081,0.18003145561477596,0.02666666666666667
201,0.23555783508853792,0.09382535190299802,0.4140865324173497,0.19014139936597682,0.06638888122513752
202,0.18875126993116229,0.15539809747392488,0.5189929579767445,0.08688947092387754,0.04996820369429078
206,0.24584885702820014,0.09996819403117835,0.4042664952568901,0.20919423912526064,0.04072221455847085
207,0.20176712272738703,0.16612031969614713,0.4946041057371442,0.08087358147836435,0.05663487036095744
209,0.19387421322464107,0.10820747764694306,0.5208618868229216,0.10171521775278561,0.07534120455270872
212,0.19767583585550638,0.13773931111500906,0.5056001979753281,0.09565132172082318,0.06333333333333334
214,0.17980150889707888,0.13818377169598886,0.5177838991452554,0.11156420386897345,0.05266661639270348
222,0.16544903201638814,0.1335667320044945,0.5544571244424706,0.11291602341678976,0.03361108811985698
223,0.14956603892333842,0.06909512747210056,0.47399381916940997,0.2826783477684844,0.024666666666666667
227,0.2262205322281091,0.11722479480699116,0.42836033230906145,0.20352767398917176,0.02466666666666667
228,0.17744432168864233,0.1203333060848572,0.5288832656872184,0.11333910653928202,0.06
229,0.1976385314632191,0.09540072379267969,0.4369082139975119,0.24205253074658933,0.028000000000000004
238,0.23094408382751752,0.10097604538743898,0.42037496226406823,0.20364936062917102,0.04405554789180418
239,0.17446129300199684,0.08587561450808998,0.4428445970351777,0.2688184954547355,0.028
243,0.20281180325637532,0.07616651817200183,0.43944371816357686,0.24285574584957528,0.03872221455847086
247,0.2633118339410923,0.15705815198246964,0.3587599852011446,0.1897589177641824,0.031111111111111117
248,0.2383581083116494,0.1124443678858388,0.44263557089113725,0.1832286195780413,0.023333333333333338
251,0.18958711234468842,0.10142057219130704,0.4970672036285774,0.14053622294653811,0.07138888888888888
252,0.20074040858832148,0.088518458581777,0.45507209922652636,0.23100236693670848,0.024666666666666667
253,0.20074442965686262,0.12468513291219506,0.4369477698861531,0.20628933421145598,0.03133333333333334
254,0.1975196793906658,0.1514773667663902,0.4829943845705343,0.11300856927240964,0.055
261,0.1908530093177517,0.15153291210362105,0.47679582509739765,0.1259849278116477,0.05483332566958196
263,0.2169110859413553,0.12250258791213071,0.4221381693524915,0.20886085520672099,0.029587301587301593
264,0.2323265716027662,0.14997611818428871,0.46713326130166155,0.0816751600223946,0.06888888888888887
266,0.2137233754648634,0.11248538373400566,0.5032508282865239,0.1038737765026641,0.0666666360119431
269,0.16852110629612146,0.1252948547492258,0.5597309321968639,0.08684205358439241,0.05961105317339654
274,0.18185441663820073,0.12668373001362607,0.5449611487965192,0.0935563180449242,0.05294438650672988
275,0.1717552332802485,0.16897746255328996,0.5232986292023738,0.07033378498389078,0.06563488998019706
276,0.2093266295063,0.15033858899190378,0.49227084733756904,0.08087347759299049,0.06719045657123657
280,0.22236346510453775,0.1494628936597796,0.43224554269967835,0.15926143186933756,0.03666666666666666
286,0.18670625548707462,0.14446154947376666,0.5071847198618363,0.1089808587846189,0.05266661639270348
288,0.17132269359770877,0.15399326404147462,0.5389057610241579,0.0770005538328441,0.05877772750381458
293,0.2162522921309433,0.10698666717737396,0.4392626598288181,0.1922761586406424,0.04522222222222222
295,0.1793384210808615,0.11722747126427324,0.5617708093205082,0.11699663166769039,0.02466666666666666
299,0.17627904280405798,0.17000918133655987,0.5167113276150722,0.07588936778792245,0.06111108045638752
311,0.16383843008926424,0.1872300940142971,0.41723219095764197,0.16658820107616182,0.06511108386263499
312,0.2502880755084888,0.15094699829552063,0.37804302360901165,0.19294412480920126,0.027777777777777776
325,0.18406067055189396,0.11606081931203628,0.5445168030828457,0.13736170705322423,0.018
327,0.17732518590416457,0.1288849059204909,0.5536266600807178,0.11060769253907123,0.02955555555555555
329,0.17389811044246434,0.16282664165402017,0.5255129445455786,0.0733178895682162,0.06444441378972086
330,0.20251962915081026,0.1320408345529674,0.49130376165007,0.12163578230990366,0.05249999233624862
333,0.135706238201771,0.171477468471292,0.5650775285823709,0.08729437057408473,0.04044439417048125
336,0.19675909048472764,0.10970622913298955,0.4171448382829071,0.2002232027157001,0.0761666393836757
339,0.13465065389914277,0.14202776306334808,0.5994679543897201,0.09318696198112245,0.030666666666666665
344,0.1736599951850104,0.15373932644222996,0.5357113131734661,0.07477830436214578,0.062111060837147916
350,0.22009759911418295,0.1422406884677506,0.43245971997460514,0.1633924686339376,0.04180952380952381
352,0.1874363144545383,0.12500390126699548,0.5169601015577936,0.12671079383178369,0.04388888888888888
357,0.24774177921219248,0.15428033162885393,0.37892268389336486,0.19127742748781099,0.027777777777777773
361,0.1440766607194338,0.14525921389010596,0.592643914376617,0.08513132212495433,0.03288888888888889
364,0.14069032196268869,0.11306343756633096,0.601924095457237,0.12209992279152106,0.02222222222222222
367,0.16690074719153994,0.11391662470342669,0.5847973498108081,0.0987186116275585,0.03566666666666666
380,0.2325618633268294,0.17779624742934477,0.40113444725192376,0.16184077532523541,0.02666666666666667
386,0.2211213729971053,0.0832300892181955,0.448795547174774,0.21829743505436972,0.028555555555555556
394,0.2533568429367842,0.14532004673453724,0.4338077604501005,0.14418201654524476,0.023333333333333338
395,0.244264239274318,0.15987560229009282,0.4073526016788325,0.16184089009009006,0.026666666666666672
401,0.18033842108086154,0.1350052456361377,0.549215223109895,0.10477444350643922,0.030666666666666665
402,0.15602374022981613,0.0872380545735871,0.6104558608554662,0.11294901100779736,0.03333333333333334
416,0.2277483822992999,0.15319306942013156,0.41399546276882376,0.17125356170222095,0.03380952380952381
419,0.16021023217154778,0.12964280434838651,0.5825710189082242,0.10357594457184156,0.024
433,0.2632920461226988,0.1142644835152303,0.4192704812955665,0.18317298906650442,0.020000000000000004
435,0.22397848667041076,0.1520184321844738,0.41382879470975287,0.18017428643536254,0.03
438,0.21146550350226795,0.12603167686482303,0.48974831478224395,0.0996711911365714,0.07308331371409373
444,0.22361740462933874,0.09729620911107864,0.46104831719783085,0.19137140239508513,0.026666666666666672
446,0.2394932812800457,0.13138482913287544,0.45132772768486273,0.0904052926325668,0.08738886926964928
451,0.1746123761373913,0.16723140355878208,0.5228224387261833,0.07255603445458914,0.06277774712305419
464,0.15588880426753374,0.10930949315480021,0.5752812329868271,0.12202046959083901,0.0375
467,0.17798129443704486,0.11540207552906805,0.5509215896481854,0.13436170705236833,0.021333333333333333
479,0.1832194458231543,0.11623146676705177,0.5545287473049231,0.10768700677153757,0.03833333333333333
489,0.1371506645259888,0.1787380100858034,0.44122151518557534,0.18427874933125163,0.05861106087138086
490,0.14040993396940063,0.14150924454482958,0.6020605776373704,0.08702024384839946,0.028999999999999998
492,0.23659225837257722,0.09855539851174884,0.38774790435271633,0.22888221654073537,0.04822222222222222
497,0.23280380514321036,0.09563484537076515,0.405366907222493,0.21563888670797599,0.05055555555555556
504,0.1966095672380013,0.136907327885607,0.4325905290863771,0.20811479801223692,0.025777777777777778
508,0.19010045606072037,0.17723140015253463,0.49460416023409637,0.0780957798583579,0.05996820369429077
513,0.17413483119492823,0.11392183968527386,0.5289583623575616,0.10415168370286615,0.07883328305937014
516,0.11856342200025324,0.10384119191846079,0.5380099610410665,0.14430768558091672,0.09527773945930282
524,0.162096523140877,0.13240597778188457,0.5473566189697374,0.09619644332680781,0.06194443678069305
527,0.21870858545150096,0.07796816337645475,0.4335442053718552,0.23239016457505163,0.03738888122513751
529,0.1686427492376889,0.11678966782525285,0.5692694914515771,0.1129647581521479,0.03233333333333334
530,0.17090465495370646,0.13629354265072083,0.545347472450204,0.10500990593740671,0.042444424007962056
532,0.2424893030162929,0.13340073919830034,0.4488514161331611,0.11064745016037428,0.0646110914918715
540,0.2290618310396611,0.16301843218447382,0.41579315994539184,0.16212657683047324,0.03
546,0.18797596422717355,0.10801183214394122,0.5478488516485506,0.1294966853136681,0.02666666666666667
547,0.24907379320039827,0.15820893562342608,0.38351917869814794,0.18586475914469433,0.023333333333333334
549,0.24949721152800408,0.10409912956115784,0.4731014876772391,0.10013552418617186,0.07316664704742705
554,0.18490997987024416,0.1700885430096775,0.5041596783229764,0.08420692843614457,0.05663487036095744
556,0.2475182047349856,0.0839998932297235,0.4053035207481121,0.2149561590649567,0.048222222222222236
557,0.15505395978448278,0.13378033673860099,0.4603141905724268,0.22285151290448946,0.028
564,0.23983830947159213,0.07002370271901817,0.40343848609988675,0.2658661760399211,0.020833325669581963
571,0.16515074719153996,0.11655551018640224,0.5908529283576179,0.09177414759777329,0.035666666666666666
572,0.12552110516387824,0.15739813343371845,0.5971160522981379,0.09096470910426538,0.028999999999999998
574,0.15753161722581793,0.08755944098186313,0.49966057279649195,0.17130400210833677,0.08394436688749027
575,0.1407577396784538,0.16697205954767866,0.4434835204141305,0.20934226316376864,0.039444417195968313
576,0.22865709264617068,0.1266136717744316,0.4019159790103516,0.21100373275952236,0.03180952380952381
578,0.17752904280405798,0.16389807022544875,0.5199057720595167,0.0732227207404954,0.06544439417048124
582,0.19280941927368042,0.07231732244584667,0.4290944201960213,0.2568899491955628,0.04888888888888889
586,0.22344282092146492,0.14868510566338478,0.40596764582917405,0.17809490377645243,0.043809523809523805
597,0.24773133851213108,0.11074589470411482,0.4649308070829549,0.10684197932003886,0.06974998038076038
602,0.19326306440818022,0.12271552744980312,0.4933728280605078,0.11096177990940018,0.07968680017210873
608,0.23687531172425091,0.0820554377152802,0.42116067596868856,0.22585302669997612,0.03405554789180418
618,0.13911493645766132,0.10760705600200918,0.4473393189983715,0.18299427138050467,0.12294441716145349
620,0.15432256682937176,0.17637799309349925,0.3673181822418433,0.20437017737889804,0.09761108045638753
621,0.2209784738848169,0.09180146946131196,0.44835906564178907,0.1981387764536114,0.04072221455847085
630,0.2288991261486455,0.09724597180929023,0.43547016823736506,0.20099585257956182,0.03738888122513752
636,0.26216898310036274,0.11339934536211932,0.4541873632726751,0.13579989447512203,0.03444441378972086
650,0.2032908617709647,0.0983742300467225,0.514056408873386,0.10355632736066787,0.08072217194825905
652,0.23993771336860092,0.117904662364384,0.4866491484534715,0.09395293987722761,0.061555535936315936
654,0.21074697798456934,0.07199985916908655,0.4179528690084734,0.2564114049489819,0.0428888888888889
655,0.198346507428541,0.071238029984111,0.4724435623265751,0.22663856692743947,0.031333333333333324
656,0.22877107395074447,0.1449761181842887,0.47533168197730136,0.07936558995134957,0.07155553593631593
657,0.22189118800645513,0.09854760137403049,0.4141976922348823,0.1856413038261613,0.07972221455847085
664,0.21876287765284985,0.08341259164242189,0.4101433150780136,0.22612566007115906,0.061555555555555565
667,0.2560976095365357,0.16320893562342614,0.36982871953790675,0.1841980686354649,0.026666666666666672
674,0.17549724659218627,0.1305925778781629,0.5588898660795036,0.10602030945014734,0.029
677,0.23098638281433756,0.0751110205193119,0.43299388732971494,0.22685316144483147,0.03405554789180418
681,0.18777885512736806,0.09676449576759799,0.4393644316505602,0.25942555078780705,0.016666666666666666
685,0.20764664601592533,0.10392056026964715,0.5233330731517226,0.12787749834048262,0.03722222222222221
692,0.24776426482038572,0.15432004673453723,0.4031488932906538,0.17476679515442328,0.020000000000000004
694,0.18206868962959785,0.0705475537936348,0.505758362225362,0.22362539435140552,0.018000000000000002
695,0.2126599628396334,0.13478300618787215,0.502461343147285,0.08576237411111591,0.06433331371409373
696,0.23860548487173588,0.13784381741952415,0.4118063624653043,0.15596655746565785,0.05577777777777778
712,0.2309863632292787,0.07019041625340058,0.4420441759432123,0.22205683001563764,0.034722214558470854
720,0.21126683396862378,0.0736665564904768,0.4205917814227043,0.23625260589597288,0.05822222222222223
727,0.16959649248587155,0.1386281880823086,0.5408381630727394,0.09232608356644445,0.05861107279263616
736,0.25177882286655223,0.11388885620062349,0.4498062956610898,0.17119269193840111,0.013333333333333334
737,0.22894941624408133,0.0892220847972221,0.41524787369799276,0.21835840303848159,0.04822222222222222
760,0.22874564473207834,0.08065071306916571,0.4006050472960896,0.24183193589975108,0.048166659002915294
761,0.16835705142354335,0.0995634545965241,0.594027316362378,0.11055217761755436,0.027499999999999993
762,0.21034110701402373,0.10183724931442442,0.5141584442271453,0.13310764388885094,0.040555555555555546
763,0.23855790805868135,0.1623676637669741,0.4238011725789753,0.15193992226203587,0.023333333333333334
766,0.18925896144014848,0.0830555283067453,0.4572705421413417,0.23908163477843117,0.03133333333333333
771,0.24367828183496498,0.12358990301938945,0.43845859102186685,0.16982880692781036,0.02444441719596831
774,0.24896006042925667,0.130756556166099,0.3903392996945481,0.20549963926565176,0.024444444444444442
782,0.23886739034840554,0.1450025759910164,0.3923683587606211,0.19995215109043307,0.023809523809523808
783,0.23978936037540594,0.1389073312919798,0.4368831616555215,0.15775348001042622,0.026666666666666672
785,0.2371888668183328,0.12416922732998716,0.40691593493616635,0.1954720026615455,0.036253968253968254
789,0.1779085584702159,0.15954086180177768,0.49640702955666977,0.1178102168380033,0.04833333333333333
790,0.2553449159309615,0.1400184594332841,0.4288276290907972,0.14914232887829065,0.026666666666666672
791,0.20692554741610333,0.10034915161752186,0.4511012095914242,0.21362409137495053,0.028
792,0.19532772057479597,0.08503960015056643,0.4129251654954923,0.2000408777674842,0.10666663601166118
793,0.2158674181225149,0.08970627703547429,0.4502399903612543,0.2001307665889524,0.04405554789180418
794,0.1836743680019749,0.12794835395381945,0.5113330523063483,0.13904424535695273,0.037999980380904734
809,0.2472087365136404,0.15432004673453723,0.39925997715328887,0.17587790626520025,0.023333333333333338
826,0.20170871747324537,0.08407922765436499,0.44795950878617236,0.22491921275288398,0.04133333333333334
827,0.1883621060398651,0.07374589432103162,0.4476075909248221,0.24006218649205888,0.05022222222222223
829,0.2503436835457389,0.1567089356234261,0.39132874082599006,0.17161864000484492,0.03
833,0.20565317043305784,0.06366655649047681,0.4520388977421482,0.23797470866765044,0.04066666666666666
839,0.17342849772050747,0.10711108045638752,0.5496028700375009,0.10852424144352492,0.0613333103420792
840,0.25564519792914914,0.16094699829552056,0.3614266501645622,0.1908700424996568,0.031111111111111107
845,0.16668630224270065,0.18313750142178797,0.3904213452140433,0.20981043392549967,0.049944417195968316
858,0.1811863166345153,0.11911503962658275,0.5416545690272466,0.11971074137832197,0.03833333333333332
865,0.1468462107829408,0.18400379730207853,0.37374429405563286,0.2542946139967129,0.04111108386263498
867,0.20912165758584858,0.07989672288452786,0.48951501364951777,0.19479993921343905,0.02666666666666666
871,0.1815051107387823,0.12933860962419458,0.5537152307733644,0.10810771553032535,0.027333333333333324
877,0.1835647623949178,0.17327108609846462,0.5039573372173796,0.08809570317812682,0.05111111111111111
895,0.22619167098720427,0.12819037110635023,0.4706967135639356,0.10406015285063826,0.07086109149187148
896,0.2529679421269219,0.1359867134012039,0.42391875061124956,0.16712659386062464,0.020000000000000004
900,0.19196410850762316,0.1444297098176182,0.4737957740513004,0.1298104076234581,0.06
904,0.2591214113218682,0.1508756022900928,0.40093990752394504,0.1657297455307607,0.02333333333333334
939,0.15711104064347475,0.12659913417833144,0.5819213996705809,0.09436842550761285,0.039999999999999994
944,0.2100973853420406,0.07092847892611107,0.4331420198562294,0.24727656032006337,0.03855555555555556
947,0.18475390546950668,0.08012685756355273,0.4666843486711507,0.22710155496245663,0.04133333333333333
956,0.13334912024311033,0.14178170066259274,0.6046267731067076,0.08290907265425597,0.03733333333333333
957,0.23350628658744488,0.14068513291219506,0.4406741034809866,0.16180114368604012,0.023333333333333334
961,0.14390464514427645,0.134003922884815,0.6059362010070822,0.08548856429715974,0.030666666666666672
964,0.15781741385820663,0.13133331861890365,0.5759084302671957,0.09594083725569408,0.039
966,0.24363729080694982,0.1672406884677506,0.4127178310335594,0.14926133254888302,0.027142857142857142
967,0.2169110322956595,0.1288914921283814,0.4265825865482666,0.20247203188483537,0.025142857142857144
973,0.22747457621564882,0.14179621677483,0.44785667680162067,0.14953919687456702,0.033333333333333326
981,0.2294414883666446,0.06307927019596997,0.40605745493680756,0.2680884531672446,0.03333333333333334
984,0.2221544673065974,0.10929621677483001,0.466252139110434,0.17229717680813864,0.03
988,0.18414015391516908,0.14138220974362212,0.519024774456587,0.09500846771414052,0.06044439417048123
992,0.2021875241597677,0.11239146484553475,0.45569358738734156,0.20839409027402245,0.021333333333333333
995,0.23239910911845235,0.09974591390575639,0.4214702521634119,0.20566251025390858,0.04072221455847085
998,0.18384111662342623,0.09834515268741996,0.5264679687543384,0.14706006266369911,0.04428569927111634
1013,0.19333060415551429,0.13260441663862355,0.5155882737705351,0.09636564459817933,0.062111060837147916
1014,0.22522459031312794,0.0962142135434108,0.4306976928475708,0.18147462207075302,0.06638888122513753
1015,0.21987422148851912,0.1401282408768628,0.48066361723257106,0.10600058706871374,0.053333333333333344
1023,0.20654084450171004,0.12301708208083484,0.4808302862460355,0.11305625123510353,0.07655553593631594
1031,0.2229734476736739,0.11376575535481796,0.504407093472525,0.0927148342293339,0.06613886926964926
1033,0.24190438533494546,0.08855549221256659,0.4087347684355875,0.2167498061250963,0.044055547891804187
1035,0.19821551474633384,0.1447314337965647,0.49136994919210886,0.1063498192056223,0.05933328305937013
1045,0.14559914749192054,0.1363094931548002,0.5918199205856878,0.09136236609929724,0.03490907266829414
1046,0.16147982812818,0.13725919965322822,0.4287573460374537,0.24250362618113813,0.030000000000000002
1047,0.2502220088914947,0.11184116392272486,0.4385363861135619,0.15606710773888527,0.043333333333333335
1050,0.17627898551770532,0.1199853564851954,0.524520590841467,0.11421509781035591,0.06499996934527644
1056,0.171501190300999,0.12629488029505329,0.5441635544585979,0.09609596881938033,0.06194440612596948
1060,0.178544915819931,0.14188219720957573,0.5289533857019139,0.08350844043143148,0.0671110608371479
1069,0.16179086389512506,0.20068357882695187,0.37107601910442045,0.16950512438364085,0.09694441378986181
1070,0.24536742995225852,0.15635182001509354,0.4257918953431153,0.14915552135619942,0.023333333333333338
1077,0.20819677989434035,0.11953434927123856,0.44942775404173907,0.20817445012601538,0.014666666666666668
1078,0.22474820304976015,0.09434114327783844,0.3991897198896555,0.23116537822719038,0.050555555555555555
1079,0.19276713804215323,0.14115997498735353,0.52501685255056,0.08061164024945207,0.060444394170481246
1080,0.225433492971539,0.06780935572980011,0.4187531279930817,0.2331151344166901,0.05488888888888888
1087,0.2283673908740804,0.07511102051931189,0.43299388732971483,0.2261388200517552,0.037388881225137505
1114,0.2470103351980443,0.16004226895675944,0.3698604928187971,0.19308690302639916,0.03
1119,0.1753623259572656,0.12331080459760664,0.5549176395997252,0.11074256317873593,0.03566666666666667
1128,0.19623529413522683,0.07723802998411101,0.4551472886770403,0.2300460538702886,0.04133333333333333
1135,0.1684854120297659,0.14373932644222992,0.5439017261429191,0.08359579592578222,0.060277739459302815
1136,0.20343634510926184,0.09428169375886887,0.5279520754015564,0.14044099684142386,0.03388888888888888
1138,0.2046214472208896,0.17046289536261103,0.41959068490316237,0.18532497251333704,0.02
1147,0.22883704363377996,0.12060575532079645,0.46228385480569595,0.16660671022778456,0.021666636011943078
1152,0.2377750043205377,0.12241259907635958,0.42104841784257957,0.12915288726865165,0.0896110914918715
1155,0.22535136510629272,0.08926183950792053,0.3962293796383863,0.2486018601918449,0.04055555555555555
1156,0.15860832458043614,0.14175924454482952,0.5686914638600487,0.10194096701468576,0.028999999999999998
1161,0.2701584915482259,0.1565422689567595,0.38001393622908236,0.16995196993259906,0.023333333333333338
1164,0.21324042951997912,0.10555815879504807,0.4305271879341704,0.2126742237508025,0.038
1173,0.2718251309660823,0.15265340731668078,0.3780694704972227,0.1741186578866809,0.023333333333333334
1177,0.1902959654565871,0.12350260323949253,0.4650311459464871,0.20450361869076678,0.016666666666666666
1189,0.1853649740047798,0.07457136331744432,0.4663509685040892,0.2357126941736866,0.03799999999999999
1192,0.18136235974966228,0.1575541629795846,0.5163685648734248,0.09804827638538523,0.04666663601194308
1193,0.23025210914723715,0.10489673289403094,0.3731341563064008,0.23449477943010896,0.05722222222222224
1194,0.19602902748929182,0.15695365302948042,0.5020088599784366,0.08837358914183381,0.05663487036095744
1196,0.1994099798702442,0.14235045117782968,0.5150327125895741,0.08942912885853754,0.05377772750381458
1199,0.20826705580733523,0.0789046659960541,0.4202584730190469,0.23845869406645268,0.054111111111111124
1202,0.2250446117464015,0.07225383082896815,0.4265865137467872,0.2345594881222876,0.041555555555555554
1205,0.22714386068852582,0.09174589432103163,0.4134290906731751,0.20945893209504524,0.05822222222222223
1209,0.1673743009186548,0.15562818467639525,0.533679607806123,0.07887349280910615,0.06444441378972086
1215,0.21177897039452886,0.13201710251727555,0.49294141800177005,0.11492917575309221,0.04833333333333333
1221,0.22283452813006147,0.14237691183508236,0.47957370921785714,0.08632596192811026,0.06888888888888887
1223,0.22585020680196222,0.07546814719797744,0.4037096030050573,0.23341648743944746,0.061555555555555565
1224,0.23291105923758906,0.12389149212838141,0.41119369568351605,0.20686089580765638,0.025142857142857144
1225,0.23866505388851073,0.11722482546171473,0.40963813413364253,0.20980531984946532,0.024666666666666667
1228,0.17901966958132698,0.15954086180177768,0.4952959184455587,0.1178102168380033,0.04833333333333333
1233,0.23511212657822822,0.07535706333534246,0.41542383130327715,0.22455142322759664,0.04955555555555556
1241,0.23467163514117412,0.07577768119126937,0.4199622370737682,0.24819956536865082,0.021388881225137515
1267,0.17554891880768766,0.1861202617929474,0.5065684449225775,0.07731796068706664,0.054444413789720855
1269,0.1855052322200222,0.1255409452078553,0.5147787129458699,0.10261960434466043,0.07155550528159237
1272,0.19023005479251764,0.1451282161404333,0.4992046164936407,0.11110379885931468,0.05433331371409372
1274,0.16709652314087703,0.14335040689861744,0.5423461705873636,0.08692912925911556,0.0602777701140264
1282,0.23404190345747244,0.07130152736451167,0.4372717287644182,0.22932929252179343,0.028055547891804183
1285,0.15328561824179807,0.16934254017305303,0.5367125053730044,0.10399270020020152,0.03666663601194308
1287,0.1782777073294238,0.07478556149988658,0.4923695915052758,0.20990047299874717,0.04466666666666667
1295,0.20290192340263422,0.07853961728569829,0.4381313840204672,0.22820485306897814,0.05222222222222222
1301,0.17175523328024847,0.1656441292199566,0.5182985985476503,0.07266716859118731,0.07163487036095743
1302,0.17294570947072466,0.1677869557080902,0.5205208037396792,0.07644497443464222,0.062301556646863716
1303,0.15576975547225227,0.09915074063050144,0.5173933187999642,0.18507512851720506,0.042611056580077016
1304,0.16742057613536615,0.1314113002508639,0.551457173263725,0.11026653656032412,0.03944441378972087
1323,0.16856582190997998,0.09009514804237059,0.43982982556416317,0.2276758941414071,0.0738333103420792
1325,0.19266903975779912,0.07392847122784484,0.47859323716300073,0.2314759185180221,0.023333333333333334
1326,0.18068633624765956,0.1352630967965064,0.5063433462752717,0.12020722834431377,0.057499992336248626
1327,0.20470473441700965,0.0921296023811535,0.4745139889020958,0.19865167429974115,0.030000000000000006
1328,0.19001030794229415,0.0997618521760887,0.39152041295660095,0.22070745758002167,0.0979999693449945
1332,0.20151820729733402,0.11689146487990532,0.4369081730026591,0.21001548815343501,0.03466666666666667
1341,0.20157379946838178,0.11389146487990529,0.4425311318111423,0.21733693717390407,0.02466666666666667
1348,0.18140466357304452,0.10105550787047175,0.548896418111339,0.11214345305520546,0.056499957389939286
1364,0.241962659098315,0.12098671340120389,0.38887102695499454,0.2215129338788199,0.026666666666666672
1366,0.19829089096110813,0.13554884606870674,0.5088739783595725,0.09184189044013134,0.06544439417048126
1368,0.1842299782721315,0.07004755379363481,0.4670890583454697,0.24396674292209738,0.03466666666666666
1373,0.1864060018199635,0.10475514236388363,0.5347826570445903,0.10000069348997034,0.07405550528159238
1374,0.21016368078558234,0.07196814437042914,0.4148668821899335,0.2696679593207215,0.033333333333333326
1375,0.21884358755557617,0.08234113476235551,0.4290627012351443,0.22769702855511983,0.042055547891804185
1393,0.17943092774569214,0.14439144955254346,0.4537454854456504,0.20132102614500277,0.02111111111111111
1399,0.25160553495610644,0.13994437887744116,0.3876343173887149,0.17670465766662638,0.044111111111111115
1402,0.1913888139547443,0.1379113756613757,0.5296491195479841,0.08938402416922928,0.05166666666666667
1404,0.18725384052941518,0.1004483729599161,0.5187854525919129,0.13795677836320033,0.05555555555555556
1406,0.1976744096926335,0.12111503962658272,0.5094997840974762,0.12448854436108535,0.04722222222222221
1417,0.16091264794136464,0.0941903523903406,0.4489950574771519,0.23790194219114275,0.057999999999999996
1430,0.23907634343428003,0.05831731754070266,0.41279549050401954,0.25647751518766454,0.03333333333333334
1435,0.233015585004314,0.08538880170333714,0.4318458200416989,0.21236091202551247,0.03738888122513752
1439,0.23429328955119613,0.08463483004312145,0.42348869343253814,0.2168609724146735,0.04072221455847085
1442,0.21434247186744948,0.13196024516841573,0.4968555533831878,0.0852861936446311,0.07155553593631594
1444,0.18835298547539772,0.1581519729128888,0.4801927884859407,0.12330225312577271,0.05
1450,0.2502313385121311,0.11338482382751341,0.4632046531221318,0.10176253749079664,0.07141664704742706
1451,0.1804099845496455,0.1344377193172333,0.5240565828054647,0.09231798582384187,0.0687777275038146
1457,0.1852512650262802,0.15671551691842042,0.5130882930432282,0.08950053084158999,0.05544439417048125
1459,0.18322338186821577,0.1299059505331161,0.5211293354887402,0.1112211559942742,0.054520176115653886
1470,0.17261233547254867,0.13375517050656055,0.5454333577402305,0.09125469949996731,0.056944436780693074
1475,0.1749007067615524,0.09525516702339684,0.571057646058448,0.11711981348993615,0.04166666666666668
1488,0.2272562746538487,0.08846816678270218,0.4458034570872658,0.20108322025104555,0.037388881225137505
1501,0.18038995345546863,0.20783959898040422,0.3011267470200925,0.22390129454240712,0.08674240600162748
1504,0.2471451601631985,0.13285181235134216,0.4214492109287141,0.18188714989007854,0.01666666666666667
1505,0.23451552622794294,0.12262955010816332,0.45125216160725273,0.16826942872330752,0.02333333333333333
1506,0.14848400341106308,0.1361388367074913,0.6018013456263783,0.08957581425506732,0.024
1511,0.1472180835271402,0.12509121534410872,0.609609656424574,0.09983863870254962,0.018242406001627486
1512,0.22400227320330035,0.1451295501081634,0.43020182628425996,0.17019015992808595,0.03047619047619048
1514,0.19058159499849794,0.11489146487990529,0.44370971315794866,0.21948389363031473,0.03133333333333334
1515,0.16379349908637414,0.09915070509287036,0.5620814493976096,0.13640293787128654,0.03857140855185944
1516,0.15334910488142678,0.11810707023917925,0.5963197764654109,0.11089071508064965,0.021333333333333326
1520,0.1767711375896801,0.15823934257890623,0.529207351879065,0.09311555155964513,0.04266661639270348
1530,0.16752896713021884,0.14125924454482955,0.5490486067171915,0.10982984827442688,0.03233333333333333
1534,0.260926881570957,0.11140734065808747,0.42091334706217115,0.1867524307087844,0.020000000000000004
1537,0.1875236062660467,0.12530157258715754,0.5463448024997943,0.11283001864700141,0.027999999999999994
1544,0.14907132928404893,0.09634917140246399,0.611125247707537,0.0987875849392835,0.04466666666666667
1545,0.1525077978539494,0.1551203473792572,0.5549902831507821,0.09515938004851267,0.04222219156749864
1546,0.2040566823667963,0.12379492116805985,0.49821919087457084,0.11226256957862994,0.06166663601194308
1547,0.17523144377579766,0.15188221253707848,0.5350049906769319,0.07677027255380443,0.06111108045638752
1550,0.18217189994691513,0.13679488199778547,0.5427549290551712,0.08116722816298022,0.05711106083714791
1551,0.1596797533181956,0.17479469441635417,0.3697785473223274,0.16419150303312216,0.13155550191000076
1552,0.19425125906124402,0.16396156480112845,0.49494142123802143,0.1000124718402359,0.046833283059370144
1553,0.221533966949536,0.07130151203743179,0.441218771454205,0.22539019400327168,0.04055555555555555
1555,0.21009244898146937,0.09669827953105747,0.412798150757975,0.21018889850727598,0.07022222222222224
1556,0.15271415901564586,0.13950923626814607,0.576339407754226,0.08921500539448345,0.04222219156749863
1558,0.17364015067511018,0.1377075965471602,0.5298104436502539,0.09450852606810557,0.06433328305937014
1559,0.22804191112108288,0.07796816337645476,0.4310256465436459,0.225575397733679,0.03738888122513752
1562,0.18312292476049316,0.1151679468421515,0.5592930593743433,0.10897162457856756,0.03344444444444444
1563,0.15148668487960168,0.0625951198083492,0.501009678342923,0.26690851696912615,0.018000000000000002
1567,0.18276715275658292,0.16021551691842043,0.5191280153996661,0.08244492075484922,0.05544439417048125
1568,0.19108461307404317,0.16500918133655984,0.5051279152609537,0.08166722949129539,0.0571110608371479
1574,0.19633718227164942,0.16585043585060888,0.5009308043380292,0.10243713309526804,0.034444444444444444
1577,0.1899523096327316,0.16589807614388385,0.4873474428431148,0.10735778058180306,0.049444390798466735
1588,0.15306613514515405,0.07159515812682413,0.4979145672379547,0.25942413949006704,0.018
1592,0.20690862127815335,0.14612819404380287,0.49649431805382377,0.11046886662422001,0.04000000000000001
1594,0.19707525388397426,0.1506758101195265,0.49401818660070407,0.11156408272912859,0.04666666666666667
1596,0.19085300931808583,0.13999588528490875,0.4989202202348129,0.117730892825944,0.05249999233624863
1600,0.19182260565663253,0.10226311552969804,0.5100723002237428,0.11095313997500106,0.08488883861492572
1620,0.17783719102965148,0.12155143906924934,0.5200312481376212,0.12346906092632999,0.05711106083714791
1622,0.20365315715659274,0.13346291068997282,0.44229304336221076,0.1821146983150332,0.038476190476190476
1631,0.21731974039904214,0.0800237189320103,0.4298219068534186,0.23477908592372468,0.038055547891804174
1633,0.17961237613739134,0.17223143080725822,0.5130763605213154,0.07777827588717127,0.05730155664686372
1640,0.13684910062387073,0.1362182085991007,0.6117457202117277,0.08785363723196761,0.02733333333333333
1641,0.19978549120856665,0.088948292065551,0.526245651979066,0.15029834252459406,0.03472222222222221
1651,0.1395528214443547,0.15728702232260733,0.5841081262691592,0.0883853632972122,0.030666666666666665
1656,0.25547854627712574,0.1678756022900928,0.3722493484974807,0.17772983626863423,0.026666666666666675
1668,0.23462138468623267,0.1598756022900928,0.4058287365678179,0.16967427645585667,0.03
1670,0.15104631392299678,0.18965986321785203,0.3574412713208568,0.23874147108190694,0.06311108045638751
1671,0.14107921040840088,0.10551974311869401,0.5365932518210368,0.17214112798520168,0.04466666666666666
1673,0.2075764588495731,0.07028561837700648,0.4436949609275192,0.22710962851256797,0.05133333333333334
1681,0.16943777296278817,0.1592948819977855,0.5327113438281897,0.07644494037408885,0.062111060837147916
1688,0.20078696954087324,0.13309645570725814,0.49926572695015287,0.11216404762960695,0.05468680017210873
1701,0.22537525211816756,0.08130149670978809,0.41954418575261554,0.23972351752762458,0.03405554789180418
1703,0.2445657527942877,0.09863486069784501,0.4063035300117277,0.20977364193766876,0.04072221455847085
1708,0.21687812920652064,0.08620628395236497,0.4216471843270524,0.22504618029183987,0.05022222222222224
1717,0.20159645501960838,0.1305885446362347,0.510536701867679,0.10338944024231266,0.05388885823416528
1720,0.23201704298829773,0.13314672561762847,0.45386615777864714,0.11406102056637207,0.06690905304905453
1726,0.16951713804215324,0.1629932946961982,0.5222668993837452,0.08577825408818256,0.05944441378972086
1733,0.19924333259740853,0.13860441663862355,0.5184374954475259,0.08827036114596065,0.05544439417048125
1744,0.17469173058110962,0.1489774353044797,0.5394889791594073,0.08037363930522433,0.056468215649779004
1754,0.21349988940047462,0.08376977601585704,0.4492267622562008,0.20550357232746752,0.048
1755,0.21954199201572996,0.07705540706055661,0.43701247034060314,0.23233458269130614,0.03405554789180418
1762,0.1863901686295988,0.18500918133655986,0.5009335253134615,0.07655604426399241,0.05111108045638752
1765,0.20239004213153003,0.13315205040067227,0.5039731591285391,0.1038181123273155,0.056666636011943085
1769,0.18044569264864316,0.13007264785450634,0.5312007393484542,0.10209407736607568,0.05618684278232055
1776,0.2284784267213422,0.06939672948778347,0.4202108481938157,0.23469177337483635,0.04722222222222222
1786,0.2041955852661429,0.08628558772228288,0.3996949215187971,0.24015723882611045,0.06966666666666668
1788,0.2328673581864032,0.06206340718993411,0.42616061005539313,0.24168640234604732,0.03722222222222222
1792,0.2331213117557566,0.09546813612797862,0.4255257896669355,0.20849588122419183,0.03738888122513752
1794,0.22540573081697413,0.08374589432103163,0.39159575316095074,0.2376970661454879,0.061555555555555565
1796,0.2385658141037349,0.08713483344936887,0.43019240728593605,0.20671806393582257,0.03738888122513751
1801,0.1349600236862146,0.06822218451696124,0.4726950433855974,0.2961227484112267,0.027999999999999994
1802,0.2301452146336094,0.07185705992942913,0.42085900750075467,0.22558316238065118,0.051555555555555556
1804,0.21989128640822098,0.09732535190333211,0.42303105683562764,0.17669675696101497,0.08305554789180417
1805,0.19377114102990986,0.18556476414059153,0.49093353532314077,0.07242900285949405,0.057301556646863705
1806,0.2202827229465889,0.06752366102881058,0.4220811281691681,0.24439027329696156,0.04572221455847085
1809,0.19383163608678425,0.08455811536760914,0.43038946722221916,0.23266522576783186,0.05855555555555556
1813,0.16067454438933437,0.16602241354192523,0.5221516773806233,0.10281803135478373,0.04833333333333333
1815,0.23994548615548425,0.08982926529116006,0.405997993689564,0.21367169930823618,0.050555555555555555
